ring_id,vertex_id,x,y
0,0,10,360
0,1,-451.108099,-85.52799344
0,2,-233.5714286,-287.8571429
0,3,-132.0176965,-155.6738392
0,4,155.9214798,-444.8077682
0,5,409.4921573,268.0075097
0,6,50.16225217,61.42050849
0,7,159.287019,279.4624541
1,0,-99.08079263,-76.13509908
1,1,-222.2780603,-217.0393196
1,2,-243,10.25
1,3,-211.0932518,18.0495183
2,0,310,20
2,1,193.75,-88.75
2,2,102.264272,-275.8178319
2,3,57.82608696,-164.3478261
2,4,281.1111111,77.77777778
Total signed area in input: 2.840000e+05
Total signed area in output: 2.840000e+05
Total areal displacement: 1.143549e+05
