ring_id,vertex_id,x,y
0,0,1000,50
0,1,1250,-12.5
0,2,1184.985754,740.6636757
0,3,385.3985122,1014.867163
0,4,50,678.5714286
0,5,-50,300
0,6,27.37092796,-11.69430977
0,7,628.5714286,-34.28571429
1,0,450,400
1,1,428.5714286,214.2857143
1,2,220,131.875
1,3,211.8667023,450.7902589
2,0,1050,450
2,1,960,290
2,2,743.8596491,168.4210526
2,3,750,350
2,4,964.2857143,671.4285714
Target vertices: 17
Total signed area in input: 9.210000e+05
Total signed area in output: 9.210000e+05
Total areal displacement: 6.106276e+04
Running time: 0.78 ms
Peak memory: 3.56 MB
