ring_id,vertex_id,x,y
0,0,800,0
0,1,1035.897436,-94.35897436
0,2,1458.417798,189.2057474
0,3,1366.346154,592.9487179
0,4,960.9933048,852.9478566
0,5,166.8323196,795.7113524
0,6,-185.888272,449.5007072
0,7,-73.43795408,37.93374019
0,8,164.5787714,-64.72283049
1,0,100,200
1,1,167.6470588,591.1764706
1,2,373.0769231,488.4615385
1,3,300,200
2,0,750,150
2,1,492.8571429,150
2,2,566.6666667,500
2,3,800,436.3636364
3,0,1100,200
3,1,989.6551724,255.1724138
3,2,1147.161666,631.9943911
3,3,1262.5,475
Target vertices: 21
Total signed area in input: 9.845000e+05
Total signed area in output: 9.845000e+05
Total areal displacement: 8.658439e+04
Running time: 0.15 ms
Peak memory: 3.88 MB
