ring_id,vertex_id,x,y
0,0,99.9971585,0.7688149884
0,1,99.99353686,1.145538537
0,2,99.98660082,1.655999285
0,3,99.97588753,2.203666031
0,4,99.96088044,2.808649769
0,5,99.94457779,3.334492233
0,6,99.93133131,3.706158613
0,7,99.91697737,4.078218337
0,8,99.90056028,4.459515316
0,9,99.88164987,4.867278261
0,10,99.86008219,5.290252217
0,11,99.83942768,5.66642313
0,12,99.81196961,6.134425366
0,13,99.77741852,6.669814508
0,14,99.7478869,7.099051168
0,15,99.70292846,7.706656672
0,16,99.65878252,8.25740775
0,17,99.60515631,8.881579436
0,18,99.54998658,9.478101223
0,19,99.51386867,9.848681772
0,20,99.46856191,10.29854537
0,21,99.40612502,10.8853314
0,22,99.33930931,11.47762411
0,23,99.26818986,12.07860149
0,24,99.2031295,12.60065727
0,25,99.13134257,13.15445497
0,26,99.06148371,13.66902034
0,27,98.99062452,14.17458756
0,28,98.91135516,14.71659096
0,29,98.83754846,15.20458892
0,30,98.77142661,15.62771065
0,31,98.69957144,16.07588462
0,32,98.62936876,16.50058552
0,33,98.55258337,16.95367911
0,34,98.44709078,17.55710352
0,35,98.34725978,18.10624657
0,36,98.27836388,18.47663325
0,37,98.19185195,18.93143504
0,38,98.10632351,19.36927874
0,39,98.03240363,19.74006836
0,40,97.95749535,20.10842547
0,41,97.881508,20.47515062
0,42,97.79274697,20.89540728
0,43,97.69707743,21.33777716
0,44,97.60445451,21.75793942
0,45,97.51233154,22.16681433
0,46,97.42781241,22.53532874
0,47,97.34242703,22.90140522
0,48,97.25513173,23.26927208
0,49,97.15857009,23.66959592
0,50,97.0582657,24.07695263
0,51,96.94477716,24.53100013
0,52,96.81024884,25.05613599
0,53,96.67006874,25.59218223
0,54,96.5341812,26.09931645
0,55,96.38980967,26.62853735
0,56,96.23912571,27.16718528
0,57,96.13798513,27.52285449
0,58,96.01253164,27.95770179
0,59,95.86528825,28.4589653
0,60,95.69100913,29.03902547
0,61,95.5793655,29.40398125
0,62,95.45411997,29.80850891
0,63,95.33943273,30.17307195
0,64,95.19984715,30.61091353
0,65,95.06231105,31.03508802
0,66,94.94430671,31.39428426
0,67,94.8256123,31.75095154
0,68,94.70650275,32.10450625
0,69,94.58593267,32.45807576
0,70,94.45939484,32.82440649
0,71,94.34573275,33.14969657
0,72,94.19482647,33.57639161
0,73,94.04965271,33.98064488
0,74,93.92172232,34.33263388
0,75,93.76546633,34.75739818
0,76,93.6152252,35.15979254
0,77,93.48288244,35.51014449
0,78,93.33593979,35.89484444
0,79,93.12412199,36.44117872
0,80,92.94251223,36.90139893
0,81,92.79697936,37.26580636
0,82,92.58508866,37.78973158
0,83,92.40608997,38.22482174
0,84,92.2617392,38.57189586
0,85,92.11664268,38.91716259
0,86,91.9135223,39.3949378
0,87,91.75054963,39.77239284
0,88,91.60213383,40.11338131
0,89,91.43485779,40.49309367
0,90,91.27520982,40.85163084
0,91,91.06744925,41.31314004
0,92,90.86638678,41.75312653
0,93,90.66350933,42.19231006
0,94,90.42298924,42.70483215
0,95,90.23849396,43.09352243
0,96,90.02446406,43.53890182
0,97,89.79517996,44.01013407
0,98,89.52676271,44.55326012
0,99,89.30273596,45.00072028
0,100,89.09411662,45.41209151
0,101,88.89798604,45.79503845
0,102,88.70519956,46.1671965
0,103,88.48690499,46.58465891
0,104,88.2200931,47.08753794
0,105,88.0442151,47.41556559
0,106,87.83947293,47.79397935
0,107,87.60216457,48.22759535
0,108,87.393387,48.60470461
0,109,87.21073593,48.93165857
0,110,87.02578475,49.2598779
0,111,86.81643002,49.62803499
0,112,86.571638,50.05393482
0,113,86.23914051,50.62507984
0,114,85.90697389,51.18647048
0,115,85.61562787,51.67188759
0,116,85.41223067,52.00744825
0,117,85.19579666,52.3613456
0,118,84.90568022,52.83073256
0,119,84.63035554,53.27033127
0,120,84.42332082,53.59777828
0,121,84.23813797,53.88836408
0,122,83.99346438,54.26911964
0,123,83.75951347,54.62934473
0,124,83.55432346,54.94264922
0,125,83.3049758,55.320162
0,126,82.98401809,55.80072861
0,127,82.64890149,56.2956179
0,128,82.41629937,56.63544181
0,129,82.17193497,56.98956546
0,130,81.88924345,57.39505202
0,131,81.64101017,57.7474403
0,132,81.42415597,58.0527906
0,133,81.16075768,58.42063615
0,134,80.85515095,58.84309797
0,135,80.49664942,59.33234278
0,136,80.15013757,59.79987436
0,137,79.77218684,60.30301057
0,138,79.46867076,60.70215845
0,139,79.14933352,61.11825759
0,140,78.87025951,61.47765315
0,141,78.59128689,61.83404427
0,142,78.32489665,62.17098976
0,143,78.09150047,62.46388737
0,144,77.85847365,62.7541165
0,145,77.537243,63.15086692
0,146,77.2304815,63.52540106
0,147,76.98055142,63.82800619
0,148,76.74009109,64.1169313
0,149,76.43762718,64.47752869
0,150,76.07108366,64.90924679
0,151,75.73550197,65.30076757
0,152,75.41202183,65.6739255
0,153,75.01825312,66.12359845
0,154,74.63477043,66.55591904
0,155,74.33281937,66.89283696
0,156,74.07939002,67.1734057
0,157,73.82635064,67.45138712
0,158,73.57322307,67.72741136
0,159,73.281642,68.04293053
0,160,72.91882087,68.43174511
0,161,72.55966031,68.81218933
0,162,72.18653156,69.2037743
0,163,71.8424092,69.56080617
0,164,71.54983993,69.86148435
0,165,71.28963825,70.12718275
0,166,70.99801335,70.42233989
0,167,70.61116316,70.8105397
0,168,70.15570118,71.26175256
0,169,69.76827711,71.64092224
0,170,69.50095263,71.90009857
0,171,69.17532282,72.21377677
0,172,68.81218933,72.55966031
0,173,68.43174511,72.91882087
0,174,68.04293053,73.281642
0,175,67.72741136,73.57322307
0,176,67.45138712,73.82635064
0,177,67.1734057,74.07939002
0,178,66.89283696,74.33281937
0,179,66.55591904,74.63477043
0,180,66.12359845,75.01825312
0,181,65.6739255,75.41202183
0,182,65.30076757,75.73550197
0,183,64.90924679,76.07108366
0,184,64.47752869,76.43762718
0,185,64.1169313,76.74009109
0,186,63.82800619,76.98055142
0,187,63.52540106,77.2304815
0,188,63.15086692,77.537243
0,189,62.7541165,77.85847365
0,190,62.46388737,78.09150047
0,191,62.17098976,78.32489665
0,192,61.83404427,78.59128689
0,193,61.47765315,78.87025951
0,194,61.11825759,79.14933352
0,195,60.70215845,79.46867076
0,196,60.30301057,79.77218684
0,197,59.79987436,80.15013757
0,198,59.33234278,80.49664942
0,199,58.84309797,80.85515095
0,200,58.42063615,81.16075768
0,201,58.0527906,81.42415597
0,202,57.7474403,81.64101017
0,203,57.39505202,81.88924345
0,204,56.98956546,82.17193497
0,205,56.63544181,82.41629937
0,206,56.2956179,82.64890149
0,207,55.80072861,82.98401809
0,208,55.320162,83.3049758
0,209,54.94264922,83.55432346
0,210,54.62934473,83.75951347
0,211,54.26911964,83.99346438
0,212,53.88836408,84.23813797
0,213,53.59777828,84.42332082
0,214,53.27033127,84.63035554
0,215,52.83073256,84.90568022
0,216,52.36134559,85.19579666
0,217,52.00744825,85.41223067
0,218,51.67188759,85.61562787
0,219,51.18647048,85.90697389
0,220,50.77009211,86.15347701
0,221,50.48348992,86.32170594
0,222,50.05393482,86.571638
0,223,49.62803499,86.81643002
0,224,49.2598779,87.02578475
0,225,48.93165857,87.21073593
0,226,48.60470461,87.393387
0,227,48.22759535,87.60216457
0,228,47.79397935,87.83947293
0,229,47.41556559,88.0442151
0,230,47.08753794,88.2200931
0,231,46.58465891,88.48690499
0,232,46.1671965,88.70519956
0,233,45.79503845,88.89798604
0,234,45.41209151,89.09411662
0,235,45.00072028,89.30273596
0,236,44.55326012,89.52676271
0,237,44.01013407,89.79517996
0,238,43.53890182,90.02446406
0,239,43.09352243,90.23849396
0,240,42.70483215,90.42298924
0,241,42.19231006,90.66350933
0,242,41.75312653,90.86638678
0,243,41.3020847,91.07249944
0,244,40.73898188,91.32573679
0,245,40.28040784,91.5287411
0,246,39.88607227,91.70136699
0,247,39.39791671,91.91225319
0,248,38.91716259,92.11664268
0,249,38.57189586,92.2617392
0,250,38.22482174,92.40608997
0,251,37.78973158,92.58508866
0,252,37.26580636,92.79697936
0,253,36.90139893,92.94251223
0,254,36.44117872,93.12412199
0,255,35.89484444,93.33593979
0,256,35.51014449,93.48288244
0,257,35.15979254,93.6152252
0,258,34.75739818,93.76546633
0,259,34.33263388,93.92172232
0,260,33.98064488,94.04965271
0,261,33.57639161,94.19482647
0,262,33.14969657,94.34573275
0,263,32.82440649,94.45939484
0,264,32.45807576,94.58593267
0,265,32.10450625,94.70650275
0,266,31.75095154,94.8256123
0,267,31.39428426,94.94430671
0,268,31.03508802,95.06231105
0,269,30.61091353,95.19984715
0,270,30.17307195,95.33943273
0,271,29.80850891,95.45411997
0,272,29.40398125,95.5793655
0,273,29.03902547,95.69100913
0,274,28.4589653,95.86528825
0,275,27.95770179,96.01253164
0,276,27.52285449,96.13798513
0,277,27.16718528,96.23912571
0,278,26.6284974,96.38982086
0,279,26.09850541,96.53440215
0,280,25.75765717,96.62582791
0,281,25.38217429,96.72526928
0,282,24.97988395,96.82988728
0,283,24.47608603,96.95864068
0,284,24.07695263,97.0582657
0,285,23.66959592,97.15857009
0,286,23.26927208,97.25513173
0,287,22.90140522,97.34242703
0,288,22.53532874,97.42781241
0,289,22.16681433,97.51233154
0,290,21.80010631,97.59495395
0,291,21.43096426,97.67669236
0,292,21.06364635,97.75654696
0,293,20.642875,97.84635497
0,294,20.15896755,97.94721138
0,295,19.73656826,98.03310296
0,296,19.36927874,98.10632351
0,297,18.93143504,98.19185195
0,298,18.47663325,98.27836388
0,299,18.10624657,98.34725978
0,300,17.55710352,98.44709078
0,301,16.95367911,98.55258337
0,302,16.50058552,98.62936876
0,303,16.07588462,98.69957144
0,304,15.62771065,98.77142661
0,305,15.20458892,98.83754846
0,306,14.71659096,98.91135516
0,307,14.17458756,98.99062452
0,308,13.66902034,99.06148371
0,309,13.29572112,99.1122928
0,310,12.79519261,99.17831427
0,311,12.34636634,99.23494258
0,312,11.97680974,99.2803619
0,313,11.47737727,99.33939076
0,314,10.97814841,99.39574683
0,315,10.43918639,99.45392488
0,316,9.803142423,99.51867255
0,317,9.270111977,99.56951081
0,318,8.895769766,99.60363925
0,319,8.504786241,99.6378064
0,320,8.173608896,99.66549949
0,321,7.655968973,99.70681474
0,322,7.099051168,99.7478869
0,323,6.669814508,99.77741852
0,324,6.134425366,99.81196961
0,325,5.66642313,99.83942768
0,326,5.221176516,99.86379845
0,327,4.672620717,99.89111179
0,328,4.078218337,99.91697737
0,329,3.706158613,99.93133131
0,330,3.334492233,99.94457779
0,331,2.808649769,99.96088044
0,332,2.203666031,99.97588753
0,333,1.655999285,99.98660082
0,334,1.145538537,99.99353686
0,335,0.7688149884,99.9971585
0,336,0.2218710015,100.0000499
0,337,-0.3058648515,99.99972734
0,338,-0.7688149884,99.9971585
0,339,-1.145538537,99.99353686
0,340,-1.655999285,99.98660082
0,341,-2.203666031,99.97588753
0,342,-2.808649769,99.96088044
0,343,-3.334492233,99.94457779
0,344,-3.706158613,99.93133131
0,345,-4.078218337,99.91697737
0,346,-4.459515316,99.90056028
0,347,-4.867278261,99.88164987
0,348,-5.290252217,99.86008219
0,349,-5.66642313,99.83942768
0,350,-6.134425366,99.81196961
0,351,-6.669814508,99.77741852
0,352,-7.099051168,99.7478869
0,353,-7.655968973,99.70681474
0,354,-8.173608896,99.66549949
0,355,-8.504786241,99.6378064
0,356,-8.895769766,99.60363925
0,357,-9.270111977,99.56951081
0,358,-9.803142423,99.51867255
0,359,-10.43918639,99.45392488
0,360,-10.97814841,99.39574683
0,361,-11.47737727,99.33939076
0,362,-11.97680974,99.2803619
0,363,-12.34636634,99.23494258
0,364,-12.79519261,99.17831427
0,365,-13.29572112,99.1122928
0,366,-13.66902034,99.06148371
0,367,-14.17458756,98.99062452
0,368,-14.71659096,98.91135516
0,369,-15.20458892,98.83754846
0,370,-15.62771065,98.77142661
0,371,-16.07588462,98.69957144
0,372,-16.50058552,98.62936876
0,373,-16.95367911,98.55258337
0,374,-17.55710352,98.44709078
0,375,-18.10624657,98.34725978
0,376,-18.47663325,98.27836388
0,377,-18.93143504,98.19185195
0,378,-19.36927874,98.10632351
0,379,-19.73656826,98.03310296
0,380,-20.15896755,97.94721138
0,381,-20.642875,97.84635497
0,382,-21.06364635,97.75654696
0,383,-21.43096426,97.67669236
0,384,-21.80010631,97.59495395
0,385,-22.16681433,97.51233154
0,386,-22.53532874,97.42781241
0,387,-22.90140522,97.34242703
0,388,-23.26927208,97.25513173
0,389,-23.66959592,97.15857009
0,390,-24.07695263,97.0582657
0,391,-24.47608603,96.95864068
0,392,-24.97988395,96.82988728
0,393,-25.38217429,96.72526928
0,394,-25.75765717,96.62582791
0,395,-26.09850541,96.53440215
0,396,-26.6284974,96.38982086
0,397,-27.16718528,96.23912571
0,398,-27.52285449,96.13798513
0,399,-27.95770179,96.01253164
0,400,-28.4589653,95.86528825
0,401,-29.03902547,95.69100913
0,402,-29.40398125,95.5793655
0,403,-29.80850891,95.45411997
0,404,-30.17307195,95.33943273
0,405,-30.61091353,95.19984715
0,406,-31.03508802,95.06231105
0,407,-31.39428426,94.94430671
0,408,-31.75095154,94.8256123
0,409,-32.10450625,94.70650275
0,410,-32.45807576,94.58593267
0,411,-32.82440649,94.45939484
0,412,-33.14969657,94.34573275
0,413,-33.57639161,94.19482647
0,414,-33.98064488,94.04965271
0,415,-34.33263388,93.92172232
0,416,-34.75739818,93.76546633
0,417,-35.15979254,93.6152252
0,418,-35.51014449,93.48288244
0,419,-35.89484444,93.33593979
0,420,-36.44117872,93.12412199
0,421,-36.90139893,92.94251223
0,422,-37.26580636,92.79697936
0,423,-37.78973158,92.58508866
0,424,-38.22482174,92.40608997
0,425,-38.57189586,92.2617392
0,426,-38.91716259,92.11664268
0,427,-39.3949378,91.9135223
0,428,-39.77239284,91.75054963
0,429,-40.11338131,91.60213383
0,430,-40.49309367,91.43485779
0,431,-40.85163084,91.27520982
0,432,-41.31314004,91.06744925
0,433,-41.75312653,90.86638678
0,434,-42.19231006,90.66350933
0,435,-42.70483215,90.42298924
0,436,-43.09352243,90.23849396
0,437,-43.53890182,90.02446406
0,438,-44.01013407,89.79517996
0,439,-44.55326012,89.52676271
0,440,-45.00072028,89.30273596
0,441,-45.41209151,89.09411662
0,442,-45.79503845,88.89798604
0,443,-46.1671965,88.70519956
0,444,-46.58465891,88.48690499
0,445,-47.08753794,88.2200931
0,446,-47.41556559,88.0442151
0,447,-47.79397935,87.83947293
0,448,-48.22759535,87.60216457
0,449,-48.60470461,87.393387
0,450,-48.93165857,87.21073593
0,451,-49.2598779,87.02578475
0,452,-49.62803499,86.81643002
0,453,-50.05393482,86.571638
0,454,-50.48348992,86.32170594
0,455,-50.77009211,86.15347701
0,456,-51.18647048,85.90697389
0,457,-51.67188759,85.61562787
0,458,-52.00744825,85.41223067
0,459,-52.3613456,85.19579666
0,460,-52.83073256,84.90568022
0,461,-53.27033127,84.63035554
0,462,-53.59777828,84.42332082
0,463,-53.88836408,84.23813797
0,464,-54.26911964,83.99346438
0,465,-54.62934473,83.75951347
0,466,-54.94264922,83.55432346
0,467,-55.320162,83.3049758
0,468,-55.80072861,82.98401809
0,469,-56.2956179,82.64890149
0,470,-56.63544181,82.41629937
0,471,-56.98956546,82.17193497
0,472,-57.39505202,81.88924345
0,473,-57.7474403,81.64101017
0,474,-58.0527906,81.42415597
0,475,-58.42063615,81.16075768
0,476,-58.84309797,80.85515095
0,477,-59.33234278,80.49664942
0,478,-59.79987436,80.15013757
0,479,-60.30301057,79.77218684
0,480,-60.70215845,79.46867076
0,481,-61.11825759,79.14933352
0,482,-61.47765315,78.87025951
0,483,-61.83404427,78.59128689
0,484,-62.17098976,78.32489665
0,485,-62.46388737,78.09150047
0,486,-62.7541165,77.85847365
0,487,-63.15086692,77.537243
0,488,-63.52540106,77.2304815
0,489,-63.82800619,76.98055142
0,490,-64.1169313,76.74009109
0,491,-64.47752869,76.43762718
0,492,-64.90924679,76.07108366
0,493,-65.30076757,75.73550197
0,494,-65.6739255,75.41202183
0,495,-66.12359845,75.01825312
0,496,-66.55591904,74.63477043
0,497,-66.89283696,74.33281937
0,498,-67.1734057,74.07939002
0,499,-67.45138712,73.82635064
0,500,-67.72741136,73.57322307
0,501,-68.04293053,73.281642
0,502,-68.43174511,72.91882087
0,503,-68.81218933,72.55966031
0,504,-69.17532282,72.21377677
0,505,-69.50095263,71.90009857
0,506,-69.76827711,71.64092224
0,507,-70.15570118,71.26175256
0,508,-70.61116316,70.8105397
0,509,-70.99801335,70.42233989
0,510,-71.28963825,70.12718275
0,511,-71.54983993,69.86148435
0,512,-71.8424092,69.56080617
0,513,-72.18653156,69.2037743
0,514,-72.55966031,68.81218933
0,515,-72.91882087,68.43174511
0,516,-73.281642,68.04293053
0,517,-73.57322307,67.72741136
0,518,-73.82635064,67.45138712
0,519,-74.07939002,67.1734057
0,520,-74.33281937,66.89283696
0,521,-74.63477043,66.55591904
0,522,-75.01825312,66.12359845
0,523,-75.41202183,65.6739255
0,524,-75.73550197,65.30076757
0,525,-76.07108366,64.90924679
0,526,-76.43762718,64.47752869
0,527,-76.74009109,64.1169313
0,528,-76.98055142,63.82800619
0,529,-77.2304815,63.52540106
0,530,-77.537243,63.15086692
0,531,-77.85847365,62.7541165
0,532,-78.09150047,62.46388737
0,533,-78.32489665,62.17098976
0,534,-78.59128689,61.83404427
0,535,-78.87025951,61.47765315
0,536,-79.14933352,61.11825759
0,537,-79.46867076,60.70215845
0,538,-79.77218684,60.30301057
0,539,-80.15013757,59.79987436
0,540,-80.49664942,59.33234278
0,541,-80.85515095,58.84309797
0,542,-81.16075768,58.42063615
0,543,-81.42415597,58.0527906
0,544,-81.64101017,57.7474403
0,545,-81.88924345,57.39505202
0,546,-82.17193497,56.98956546
0,547,-82.41629937,56.63544181
0,548,-82.64890149,56.2956179
0,549,-82.98401809,55.80072861
0,550,-83.3049758,55.320162
0,551,-83.55432346,54.94264922
0,552,-83.75951347,54.62934473
0,553,-83.99346438,54.26911964
0,554,-84.23813797,53.88836408
0,555,-84.42332082,53.59777828
0,556,-84.63035554,53.27033127
0,557,-84.90568022,52.83073256
0,558,-85.19579666,52.36134559
0,559,-85.41223067,52.00744825
0,560,-85.61562787,51.67188759
0,561,-85.90697389,51.18647048
0,562,-86.23914051,50.62507984
0,563,-86.571638,50.05393482
0,564,-86.81643002,49.62803499
0,565,-87.02578475,49.2598779
0,566,-87.21073593,48.93165857
0,567,-87.393387,48.60470461
0,568,-87.60216457,48.22759535
0,569,-87.83947293,47.79397935
0,570,-88.0442151,47.41556559
0,571,-88.2200931,47.08753794
0,572,-88.48690499,46.58465891
0,573,-88.70519956,46.1671965
0,574,-88.89798604,45.79503845
0,575,-89.09411662,45.41209151
0,576,-89.30273596,45.00072028
0,577,-89.52676271,44.55326012
0,578,-89.79517996,44.01013407
0,579,-90.02446406,43.53890182
0,580,-90.23849396,43.09352243
0,581,-90.42298924,42.70483215
0,582,-90.66350933,42.19231006
0,583,-90.86638678,41.75312653
0,584,-91.07249944,41.3020847
0,585,-91.32573679,40.73898188
0,586,-91.5287411,40.28040784
0,587,-91.70136699,39.88607227
0,588,-91.91225319,39.39791671
0,589,-92.11664268,38.91716259
0,590,-92.2617392,38.57189586
0,591,-92.40608997,38.22482174
0,592,-92.58508866,37.78973158
0,593,-92.79697936,37.26580636
0,594,-92.94251223,36.90139893
0,595,-93.12412199,36.44117872
0,596,-93.33593979,35.89484444
0,597,-93.48288244,35.51014449
0,598,-93.6152252,35.15979254
0,599,-93.76546633,34.75739818
0,600,-93.92172232,34.33263388
0,601,-94.04965271,33.98064488
0,602,-94.19482647,33.57639161
0,603,-94.34573275,33.14969657
0,604,-94.45939484,32.82440649
0,605,-94.58593267,32.45807576
0,606,-94.70650275,32.10450625
0,607,-94.8256123,31.75095154
0,608,-94.94430671,31.39428426
0,609,-95.06231105,31.03508802
0,610,-95.19984715,30.61091353
0,611,-95.33943273,30.17307195
0,612,-95.45411997,29.80850891
0,613,-95.5793655,29.40398125
0,614,-95.69100913,29.03902547
0,615,-95.86528825,28.4589653
0,616,-96.01253164,27.95770179
0,617,-96.13798513,27.52285449
0,618,-96.23912571,27.16718528
0,619,-96.38980967,26.62853735
0,620,-96.5341812,26.09931645
0,621,-96.67006874,25.59218223
0,622,-96.81024884,25.05613599
0,623,-96.94477716,24.53100013
0,624,-97.0582657,24.07695263
0,625,-97.15857009,23.66959592
0,626,-97.25513173,23.26927208
0,627,-97.34242703,22.90140522
0,628,-97.42781241,22.53532874
0,629,-97.51233154,22.16681433
0,630,-97.60445451,21.75793942
0,631,-97.69707743,21.33777716
0,632,-97.79274697,20.89540728
0,633,-97.881508,20.47515062
0,634,-97.95749535,20.10842547
0,635,-98.03240363,19.74006836
0,636,-98.10632351,19.36927874
0,637,-98.19185195,18.93143504
0,638,-98.27836388,18.47663325
0,639,-98.34725978,18.10624657
0,640,-98.44709078,17.55710352
0,641,-98.55258337,16.95367911
0,642,-98.62936876,16.50058552
0,643,-98.69957144,16.07588462
0,644,-98.77142661,15.62771065
0,645,-98.83754846,15.20458892
0,646,-98.91135516,14.71659096
0,647,-98.99062452,14.17458756
0,648,-99.06148371,13.66902034
0,649,-99.13134257,13.15445497
0,650,-99.2031295,12.60065727
0,651,-99.26818986,12.07860149
0,652,-99.33930931,11.47762411
0,653,-99.40612502,10.8853314
0,654,-99.46856191,10.29854537
0,655,-99.51386867,9.848681772
0,656,-99.54998658,9.478101223
0,657,-99.60515631,8.881579436
0,658,-99.65878252,8.25740775
0,659,-99.70292846,7.706656672
0,660,-99.7478869,7.099051168
0,661,-99.77741852,6.669814508
0,662,-99.81196961,6.134425366
0,663,-99.83942768,5.66642313
0,664,-99.86379845,5.221176516
0,665,-99.89111179,4.672620717
0,666,-99.91697737,4.078218337
0,667,-99.93133131,3.706158613
0,668,-99.94457779,3.334492233
0,669,-99.96088044,2.808649769
0,670,-99.97588753,2.203666031
0,671,-99.98660082,1.655999285
0,672,-99.99353686,1.145538537
0,673,-99.9971585,0.7688149884
0,674,-100.0000499,0.2218710015
0,675,-99.99972734,-0.3058648515
0,676,-99.9971585,-0.7688149884
0,677,-99.99353686,-1.145538537
0,678,-99.98660082,-1.655999285
0,679,-99.97588753,-2.203666031
0,680,-99.96088044,-2.808649769
0,681,-99.94457779,-3.334492233
0,682,-99.93133131,-3.706158613
0,683,-99.91697737,-4.078218337
0,684,-99.90056028,-4.459515316
0,685,-99.88164987,-4.867278261
0,686,-99.86008219,-5.290252217
0,687,-99.83942768,-5.66642313
0,688,-99.81196961,-6.134425366
0,689,-99.77741852,-6.669814508
0,690,-99.7478869,-7.099051168
0,691,-99.70681474,-7.655968973
0,692,-99.66549949,-8.173608896
0,693,-99.6378064,-8.504786241
0,694,-99.60363925,-8.895769766
0,695,-99.56951081,-9.270111977
0,696,-99.51867255,-9.803142423
0,697,-99.45392488,-10.43918639
0,698,-99.39574683,-10.97814841
0,699,-99.33939076,-11.47737727
0,700,-99.2803619,-11.97680974
0,701,-99.23494258,-12.34636634
0,702,-99.17831427,-12.79519261
0,703,-99.1122928,-13.29572112
0,704,-99.06148371,-13.66902034
0,705,-98.99062452,-14.17458756
0,706,-98.91135516,-14.71659096
0,707,-98.83754846,-15.20458892
0,708,-98.77142661,-15.62771065
0,709,-98.69957144,-16.07588462
0,710,-98.62936876,-16.50058552
0,711,-98.55258337,-16.95367911
0,712,-98.44709078,-17.55710352
0,713,-98.34725978,-18.10624657
0,714,-98.27836388,-18.47663325
0,715,-98.19185195,-18.93143504
0,716,-98.10632351,-19.36927874
0,717,-98.03310296,-19.73656826
0,718,-97.94721138,-20.15896755
0,719,-97.84635497,-20.642875
0,720,-97.75654696,-21.06364635
0,721,-97.67669236,-21.43096426
0,722,-97.59495395,-21.80010631
0,723,-97.51233154,-22.16681433
0,724,-97.42781241,-22.53532874
0,725,-97.34242703,-22.90140522
0,726,-97.25513173,-23.26927208
0,727,-97.15857009,-23.66959592
0,728,-97.0582657,-24.07695263
0,729,-96.95864068,-24.47608603
0,730,-96.82988728,-24.97988395
0,731,-96.72526928,-25.38217429
0,732,-96.62582791,-25.75765717
0,733,-96.53440215,-26.09850541
0,734,-96.38982086,-26.6284974
0,735,-96.23912571,-27.16718528
0,736,-96.13798513,-27.52285449
0,737,-96.01253164,-27.95770179
0,738,-95.86528825,-28.4589653
0,739,-95.69100913,-29.03902547
0,740,-95.5793655,-29.40398125
0,741,-95.45411997,-29.80850891
0,742,-95.33943273,-30.17307195
0,743,-95.19984715,-30.61091353
0,744,-95.06231105,-31.03508802
0,745,-94.94430671,-31.39428426
0,746,-94.8256123,-31.75095154
0,747,-94.70650275,-32.10450625
0,748,-94.58593267,-32.45807576
0,749,-94.45939484,-32.82440649
0,750,-94.34573275,-33.14969657
0,751,-94.19482647,-33.57639161
0,752,-94.04965271,-33.98064488
0,753,-93.92172232,-34.33263388
0,754,-93.76546633,-34.75739818
0,755,-93.6152252,-35.15979254
0,756,-93.48288244,-35.51014449
0,757,-93.33593979,-35.89484444
0,758,-93.12412199,-36.44117872
0,759,-92.94251223,-36.90139893
0,760,-92.79697936,-37.26580636
0,761,-92.58508866,-37.78973158
0,762,-92.40608997,-38.22482174
0,763,-92.2617392,-38.57189586
0,764,-92.11664268,-38.91716259
0,765,-91.9135223,-39.3949378
0,766,-91.75054963,-39.77239284
0,767,-91.60213383,-40.11338131
0,768,-91.43485779,-40.49309367
0,769,-91.27520982,-40.85163084
0,770,-91.06744925,-41.31314004
0,771,-90.86638678,-41.75312653
0,772,-90.66350933,-42.19231006
0,773,-90.42298924,-42.70483215
0,774,-90.23849396,-43.09352243
0,775,-90.02446406,-43.53890182
0,776,-89.79517996,-44.01013407
0,777,-89.52676271,-44.55326012
0,778,-89.30273596,-45.00072028
0,779,-89.09411662,-45.41209151
0,780,-88.89798604,-45.79503845
0,781,-88.70519956,-46.1671965
0,782,-88.48690499,-46.58465891
0,783,-88.2200931,-47.08753794
0,784,-88.0442151,-47.41556559
0,785,-87.83947293,-47.79397935
0,786,-87.60216457,-48.22759535
0,787,-87.393387,-48.60470461
0,788,-87.21073593,-48.93165857
0,789,-87.02578475,-49.2598779
0,790,-86.81643002,-49.62803499
0,791,-86.571638,-50.05393482
0,792,-86.23914051,-50.62507984
0,793,-85.90697389,-51.18647048
0,794,-85.61562787,-51.67188759
0,795,-85.41223067,-52.00744825
0,796,-85.19579666,-52.3613456
0,797,-84.90568022,-52.83073256
0,798,-84.63035554,-53.27033127
0,799,-84.42332082,-53.59777828
0,800,-84.23813797,-53.88836408
0,801,-83.99346438,-54.26911964
0,802,-83.75951347,-54.62934473
0,803,-83.55432346,-54.94264922
0,804,-83.3049758,-55.320162
0,805,-82.98401809,-55.80072861
0,806,-82.64890149,-56.2956179
0,807,-82.41629937,-56.63544181
0,808,-82.17193497,-56.98956546
0,809,-81.88924345,-57.39505202
0,810,-81.64101017,-57.7474403
0,811,-81.42415597,-58.0527906
0,812,-81.16075768,-58.42063615
0,813,-80.85515095,-58.84309797
0,814,-80.49664942,-59.33234278
0,815,-80.15013757,-59.79987436
0,816,-79.77218684,-60.30301057
0,817,-79.46867076,-60.70215845
0,818,-79.14933352,-61.11825759
0,819,-78.87025951,-61.47765315
0,820,-78.59128689,-61.83404427
0,821,-78.32489665,-62.17098976
0,822,-78.09150047,-62.46388737
0,823,-77.85847365,-62.7541165
0,824,-77.537243,-63.15086692
0,825,-77.2304815,-63.52540106
0,826,-76.98055142,-63.82800619
0,827,-76.74009109,-64.1169313
0,828,-76.43762718,-64.47752869
0,829,-76.07108366,-64.90924679
0,830,-75.73550197,-65.30076757
0,831,-75.41202183,-65.6739255
0,832,-75.01825312,-66.12359845
0,833,-74.63477043,-66.55591904
0,834,-74.33281937,-66.89283696
0,835,-74.07939002,-67.1734057
0,836,-73.82635064,-67.45138712
0,837,-73.57322307,-67.72741136
0,838,-73.281642,-68.04293053
0,839,-72.91882087,-68.43174511
0,840,-72.55966031,-68.81218933
0,841,-72.21377677,-69.17532282
0,842,-71.90009857,-69.50095263
0,843,-71.64092224,-69.76827711
0,844,-71.26175256,-70.15570118
0,845,-70.8105397,-70.61116316
0,846,-70.42233989,-70.99801335
0,847,-70.12718275,-71.28963825
0,848,-69.86148435,-71.54983993
0,849,-69.56080617,-71.8424092
0,850,-69.2037743,-72.18653156
0,851,-68.81218933,-72.55966031
0,852,-68.43174511,-72.91882087
0,853,-68.04293053,-73.281642
0,854,-67.72741136,-73.57322307
0,855,-67.45138712,-73.82635064
0,856,-67.1734057,-74.07939002
0,857,-66.89283696,-74.33281937
0,858,-66.55591904,-74.63477043
0,859,-66.12359845,-75.01825312
0,860,-65.6739255,-75.41202183
0,861,-65.30076757,-75.73550197
0,862,-64.90924679,-76.07108366
0,863,-64.47752869,-76.43762718
0,864,-64.1169313,-76.74009109
0,865,-63.82800619,-76.98055142
0,866,-63.52540106,-77.2304815
0,867,-63.15086692,-77.537243
0,868,-62.7541165,-77.85847365
0,869,-62.46388737,-78.09150047
0,870,-62.17098976,-78.32489665
0,871,-61.83404427,-78.59128689
0,872,-61.47765315,-78.87025951
0,873,-61.11825759,-79.14933352
0,874,-60.70215845,-79.46867076
0,875,-60.30301057,-79.77218684
0,876,-59.79987436,-80.15013757
0,877,-59.33234278,-80.49664942
0,878,-58.84309797,-80.85515095
0,879,-58.42063615,-81.16075768
0,880,-58.0527906,-81.42415597
0,881,-57.7474403,-81.64101017
0,882,-57.39505202,-81.88924345
0,883,-56.98956546,-82.17193497
0,884,-56.63544181,-82.41629937
0,885,-56.2956179,-82.64890149
0,886,-55.80072861,-82.98401809
0,887,-55.320162,-83.3049758
0,888,-54.94264922,-83.55432346
0,889,-54.62934473,-83.75951347
0,890,-54.26911964,-83.99346438
0,891,-53.88836408,-84.23813797
0,892,-53.59777828,-84.42332082
0,893,-53.27033127,-84.63035554
0,894,-52.83073256,-84.90568022
0,895,-52.36134559,-85.19579666
0,896,-52.00744825,-85.41223067
0,897,-51.67188759,-85.61562787
0,898,-51.18647048,-85.90697389
0,899,-50.62507984,-86.23914051
0,900,-50.05393482,-86.571638
0,901,-49.62803499,-86.81643002
0,902,-49.2598779,-87.02578475
0,903,-48.93165857,-87.21073593
0,904,-48.60470461,-87.393387
0,905,-48.22759535,-87.60216457
0,906,-47.79397935,-87.83947293
0,907,-47.41556559,-88.0442151
0,908,-47.08753794,-88.2200931
0,909,-46.58465891,-88.48690499
0,910,-46.1671965,-88.70519956
0,911,-45.79503845,-88.89798604
0,912,-45.41209151,-89.09411662
0,913,-45.00072028,-89.30273596
0,914,-44.55326012,-89.52676271
0,915,-44.01013407,-89.79517996
0,916,-43.53890182,-90.02446406
0,917,-43.09352243,-90.23849396
0,918,-42.70483215,-90.42298924
0,919,-42.19231006,-90.66350933
0,920,-41.75312653,-90.86638678
0,921,-41.3020847,-91.07249944
0,922,-40.73898188,-91.32573679
0,923,-40.28040784,-91.5287411
0,924,-39.88607227,-91.70136699
0,925,-39.39791671,-91.91225319
0,926,-38.91716259,-92.11664268
0,927,-38.57189586,-92.2617392
0,928,-38.22482174,-92.40608997
0,929,-37.78973158,-92.58508866
0,930,-37.26580636,-92.79697936
0,931,-36.90139893,-92.94251223
0,932,-36.44117872,-93.12412199
0,933,-35.89484444,-93.33593979
0,934,-35.51014449,-93.48288244
0,935,-35.15979254,-93.6152252
0,936,-34.75739818,-93.76546633
0,937,-34.33263388,-93.92172232
0,938,-33.98064488,-94.04965271
0,939,-33.57639161,-94.19482647
0,940,-33.14969657,-94.34573275
0,941,-32.82440649,-94.45939484
0,942,-32.45807576,-94.58593267
0,943,-32.10450625,-94.70650275
0,944,-31.75095154,-94.8256123
0,945,-31.39428426,-94.94430671
0,946,-31.03508802,-95.06231105
0,947,-30.61091353,-95.19984715
0,948,-30.17307195,-95.33943273
0,949,-29.80850891,-95.45411997
0,950,-29.40398125,-95.5793655
0,951,-29.03902547,-95.69100913
0,952,-28.4589653,-95.86528825
0,953,-27.95770179,-96.01253164
0,954,-27.52285449,-96.13798513
0,955,-27.16718528,-96.23912571
0,956,-26.62853735,-96.38980967
0,957,-26.09931645,-96.5341812
0,958,-25.59218223,-96.67006874
0,959,-25.05613599,-96.81024884
0,960,-24.53100013,-96.94477716
0,961,-24.07695263,-97.0582657
0,962,-23.66959592,-97.15857009
0,963,-23.26927208,-97.25513173
0,964,-22.90140522,-97.34242703
0,965,-22.53532874,-97.42781241
0,966,-22.16681433,-97.51233154
0,967,-21.75793942,-97.60445451
0,968,-21.33777716,-97.69707743
0,969,-20.89540728,-97.79274697
0,970,-20.47515062,-97.881508
0,971,-20.10842547,-97.95749535
0,972,-19.74006836,-98.03240363
0,973,-19.36927874,-98.10632351
0,974,-18.93143504,-98.19185195
0,975,-18.47663325,-98.27836388
0,976,-18.10624657,-98.34725978
0,977,-17.55710352,-98.44709078
0,978,-16.95367911,-98.55258337
0,979,-16.50058552,-98.62936876
0,980,-16.07588462,-98.69957144
0,981,-15.62771065,-98.77142661
0,982,-15.20458892,-98.83754846
0,983,-14.71659096,-98.91135516
0,984,-14.17458756,-98.99062452
0,985,-13.66902034,-99.06148371
0,986,-13.15445497,-99.13134257
0,987,-12.60065727,-99.2031295
0,988,-12.07860149,-99.26818986
0,989,-11.47762411,-99.33930931
0,990,-10.8853314,-99.40612502
0,991,-10.29854537,-99.46856191
0,992,-9.848681772,-99.51386867
0,993,-9.478101223,-99.54998658
0,994,-8.881579436,-99.60515631
0,995,-8.25740775,-99.65878252
0,996,-7.706656672,-99.70292846
0,997,-7.099051168,-99.7478869
0,998,-6.669814508,-99.77741852
0,999,-6.134425366,-99.81196961
0,1000,-5.66642313,-99.83942768
0,1001,-5.221176516,-99.86379845
0,1002,-4.672620717,-99.89111179
0,1003,-4.078218337,-99.91697737
0,1004,-3.706158613,-99.93133131
0,1005,-3.334492233,-99.94457779
0,1006,-2.808649769,-99.96088044
0,1007,-2.203666031,-99.97588753
0,1008,-1.655999285,-99.98660082
0,1009,-1.145538537,-99.99353686
0,1010,-0.7688149884,-99.9971585
0,1011,-0.2218710015,-100.0000499
0,1012,0.3058648515,-99.99972734
0,1013,0.7688149884,-99.9971585
0,1014,1.145538537,-99.99353686
0,1015,1.655999285,-99.98660082
0,1016,2.203666031,-99.97588753
0,1017,2.808649769,-99.96088044
0,1018,3.334492233,-99.94457779
0,1019,3.706158613,-99.93133131
0,1020,4.078218337,-99.91697737
0,1021,4.459515316,-99.90056028
0,1022,4.867278261,-99.88164987
0,1023,5.290252217,-99.86008219
0,1024,5.66642313,-99.83942768
0,1025,6.134425366,-99.81196961
0,1026,6.669814508,-99.77741852
0,1027,7.099051168,-99.7478869
0,1028,7.706656672,-99.70292846
0,1029,8.25740775,-99.65878252
0,1030,8.881579436,-99.60515631
0,1031,9.478101223,-99.54998658
0,1032,9.848681772,-99.51386867
0,1033,10.29854537,-99.46856191
0,1034,10.8853314,-99.40612502
0,1035,11.47762411,-99.33930931
0,1036,12.07860149,-99.26818986
0,1037,12.60065727,-99.2031295
0,1038,13.15445497,-99.13134257
0,1039,13.66902034,-99.06148371
0,1040,14.17458756,-98.99062452
0,1041,14.71659096,-98.91135516
0,1042,15.20458892,-98.83754846
0,1043,15.62771065,-98.77142661
0,1044,16.07588462,-98.69957144
0,1045,16.50058552,-98.62936876
0,1046,16.95367911,-98.55258337
0,1047,17.55710352,-98.44709078
0,1048,18.10624657,-98.34725978
0,1049,18.47663325,-98.27836388
0,1050,18.93143504,-98.19185195
0,1051,19.36927874,-98.10632351
0,1052,19.74006836,-98.03240363
0,1053,20.10842547,-97.95749535
0,1054,20.47515062,-97.881508
0,1055,20.89540728,-97.79274697
0,1056,21.33777716,-97.69707743
0,1057,21.75793942,-97.60445451
0,1058,22.16681433,-97.51233154
0,1059,22.53532874,-97.42781241
0,1060,22.90140522,-97.34242703
0,1061,23.26927208,-97.25513173
0,1062,23.66959592,-97.15857009
0,1063,24.07695263,-97.0582657
0,1064,24.53100013,-96.94477716
0,1065,25.05613599,-96.81024884
0,1066,25.59218223,-96.67006874
0,1067,26.09931645,-96.5341812
0,1068,26.62853735,-96.38980967
0,1069,27.16718528,-96.23912571
0,1070,27.52285449,-96.13798513
0,1071,27.95770179,-96.01253164
0,1072,28.4589653,-95.86528825
0,1073,29.03902547,-95.69100913
0,1074,29.40398125,-95.5793655
0,1075,29.80850891,-95.45411997
0,1076,30.17307195,-95.33943273
0,1077,30.61091353,-95.19984715
0,1078,31.03508802,-95.06231105
0,1079,31.39428426,-94.94430671
0,1080,31.75095154,-94.8256123
0,1081,32.10450625,-94.70650275
0,1082,32.45807576,-94.58593267
0,1083,32.82440649,-94.45939484
0,1084,33.14969657,-94.34573275
0,1085,33.57639161,-94.19482647
0,1086,33.98064488,-94.04965271
0,1087,34.33263388,-93.92172232
0,1088,34.75739818,-93.76546633
0,1089,35.15979254,-93.6152252
0,1090,35.51014449,-93.48288244
0,1091,35.89484444,-93.33593979
0,1092,36.44117872,-93.12412199
0,1093,36.90139893,-92.94251223
0,1094,37.26580636,-92.79697936
0,1095,37.78973158,-92.58508866
0,1096,38.22482174,-92.40608997
0,1097,38.57189586,-92.2617392
0,1098,38.91716259,-92.11664268
0,1099,39.3949378,-91.9135223
0,1100,39.77239284,-91.75054963
0,1101,40.11338131,-91.60213383
0,1102,40.49309367,-91.43485779
0,1103,40.85163084,-91.27520982
0,1104,41.31314004,-91.06744925
0,1105,41.75312653,-90.86638678
0,1106,42.19231006,-90.66350933
0,1107,42.70483215,-90.42298924
0,1108,43.09352243,-90.23849396
0,1109,43.53890182,-90.02446406
0,1110,44.01013407,-89.79517996
0,1111,44.55326012,-89.52676271
0,1112,45.00072028,-89.30273596
0,1113,45.41209151,-89.09411662
0,1114,45.79503845,-88.89798604
0,1115,46.1671965,-88.70519956
0,1116,46.58465891,-88.48690499
0,1117,47.08753794,-88.2200931
0,1118,47.41556559,-88.0442151
0,1119,47.79397935,-87.83947293
0,1120,48.22759535,-87.60216457
0,1121,48.60470461,-87.393387
0,1122,48.93165857,-87.21073593
0,1123,49.2598779,-87.02578475
0,1124,49.62803499,-86.81643002
0,1125,50.05393482,-86.571638
0,1126,50.62507984,-86.23914051
0,1127,51.18647048,-85.90697389
0,1128,51.67188759,-85.61562787
0,1129,52.00744825,-85.41223067
0,1130,52.3613456,-85.19579666
0,1131,52.83073256,-84.90568022
0,1132,53.27033127,-84.63035554
0,1133,53.59777828,-84.42332082
0,1134,53.88836408,-84.23813797
0,1135,54.26911964,-83.99346438
0,1136,54.62934473,-83.75951347
0,1137,54.94264922,-83.55432346
0,1138,55.320162,-83.3049758
0,1139,55.80072861,-82.98401809
0,1140,56.2956179,-82.64890149
0,1141,56.63544181,-82.41629937
0,1142,56.98956546,-82.17193497
0,1143,57.39505202,-81.88924345
0,1144,57.7474403,-81.64101017
0,1145,58.0527906,-81.42415597
0,1146,58.42063615,-81.16075768
0,1147,58.84309797,-80.85515095
0,1148,59.33234278,-80.49664942
0,1149,59.79987436,-80.15013757
0,1150,60.30301057,-79.77218684
0,1151,60.70215845,-79.46867076
0,1152,61.11825759,-79.14933352
0,1153,61.47765315,-78.87025951
0,1154,61.83404427,-78.59128689
0,1155,62.17098976,-78.32489665
0,1156,62.46388737,-78.09150047
0,1157,62.7541165,-77.85847365
0,1158,63.15086692,-77.537243
0,1159,63.52540106,-77.2304815
0,1160,63.82800619,-76.98055142
0,1161,64.1169313,-76.74009109
0,1162,64.47752869,-76.43762718
0,1163,64.90924679,-76.07108366
0,1164,65.30076757,-75.73550197
0,1165,65.6739255,-75.41202183
0,1166,66.12359845,-75.01825312
0,1167,66.55591904,-74.63477043
0,1168,66.89283696,-74.33281937
0,1169,67.1734057,-74.07939002
0,1170,67.45138712,-73.82635064
0,1171,67.72741136,-73.57322307
0,1172,68.04293053,-73.281642
0,1173,68.43174511,-72.91882087
0,1174,68.81218933,-72.55966031
0,1175,69.2037743,-72.18653156
0,1176,69.56080617,-71.8424092
0,1177,69.86148435,-71.54983993
0,1178,70.12718275,-71.28963825
0,1179,70.42233989,-70.99801335
0,1180,70.8105397,-70.61116316
0,1181,71.26175256,-70.15570118
0,1182,71.64092224,-69.76827711
0,1183,71.90009857,-69.50095263
0,1184,72.21377677,-69.17532282
0,1185,72.55966031,-68.81218933
0,1186,72.91882087,-68.43174511
0,1187,73.281642,-68.04293053
0,1188,73.57322307,-67.72741136
0,1189,73.82635064,-67.45138712
0,1190,74.07939002,-67.1734057
0,1191,74.33281937,-66.89283696
0,1192,74.63477043,-66.55591904
0,1193,75.01825312,-66.12359845
0,1194,75.41202183,-65.6739255
0,1195,75.73550197,-65.30076757
0,1196,76.07108366,-64.90924679
0,1197,76.43762718,-64.47752869
0,1198,76.74009109,-64.1169313
0,1199,76.98055142,-63.82800619
0,1200,77.2304815,-63.52540106
0,1201,77.537243,-63.15086692
0,1202,77.85847365,-62.7541165
0,1203,78.09150047,-62.46388737
0,1204,78.32489665,-62.17098976
0,1205,78.59128689,-61.83404427
0,1206,78.87025951,-61.47765315
0,1207,79.14933352,-61.11825759
0,1208,79.46867076,-60.70215845
0,1209,79.77218684,-60.30301057
0,1210,80.15013757,-59.79987436
0,1211,80.49664942,-59.33234278
0,1212,80.85515095,-58.84309797
0,1213,81.16075768,-58.42063615
0,1214,81.42415597,-58.0527906
0,1215,81.64101017,-57.7474403
0,1216,81.88924345,-57.39505202
0,1217,82.17193497,-56.98956546
0,1218,82.41629937,-56.63544181
0,1219,82.64890149,-56.2956179
0,1220,82.98401809,-55.80072861
0,1221,83.3049758,-55.320162
0,1222,83.55432346,-54.94264922
0,1223,83.75951347,-54.62934473
0,1224,83.99346438,-54.26911964
0,1225,84.23813797,-53.88836408
0,1226,84.42332082,-53.59777828
0,1227,84.63035554,-53.27033127
0,1228,84.90568022,-52.83073256
0,1229,85.19579666,-52.36134559
0,1230,85.41223067,-52.00744825
0,1231,85.61562787,-51.67188759
0,1232,85.90697389,-51.18647048
0,1233,86.23914051,-50.62507984
0,1234,86.571638,-50.05393482
0,1235,86.81643002,-49.62803499
0,1236,87.02578475,-49.2598779
0,1237,87.21073593,-48.93165857
0,1238,87.393387,-48.60470461
0,1239,87.60216457,-48.22759535
0,1240,87.83947293,-47.79397935
0,1241,88.0442151,-47.41556559
0,1242,88.2200931,-47.08753794
0,1243,88.48690499,-46.58465891
0,1244,88.70519956,-46.1671965
0,1245,88.89798604,-45.79503845
0,1246,89.09411662,-45.41209151
0,1247,89.30273596,-45.00072028
0,1248,89.52676271,-44.55326012
0,1249,89.79517996,-44.01013407
0,1250,90.02446406,-43.53890182
0,1251,90.23849396,-43.09352243
0,1252,90.42298924,-42.70483215
0,1253,90.66350933,-42.19231006
0,1254,90.86638678,-41.75312653
0,1255,91.07249944,-41.3020847
0,1256,91.32573679,-40.73898188
0,1257,91.5287411,-40.28040784
0,1258,91.70136699,-39.88607227
0,1259,91.91225319,-39.39791671
0,1260,92.11664268,-38.91716259
0,1261,92.2617392,-38.57189586
0,1262,92.40608997,-38.22482174
0,1263,92.58508866,-37.78973158
0,1264,92.79697936,-37.26580636
0,1265,92.94251223,-36.90139893
0,1266,93.12412199,-36.44117872
0,1267,93.33593979,-35.89484444
0,1268,93.48288244,-35.51014449
0,1269,93.6152252,-35.15979254
0,1270,93.76546633,-34.75739818
0,1271,93.92172232,-34.33263388
0,1272,94.04965271,-33.98064488
0,1273,94.19482647,-33.57639161
0,1274,94.34573275,-33.14969657
0,1275,94.45939484,-32.82440649
0,1276,94.58593267,-32.45807576
0,1277,94.70650275,-32.10450625
0,1278,94.8256123,-31.75095154
0,1279,94.94430671,-31.39428426
0,1280,95.06231105,-31.03508802
0,1281,95.19984715,-30.61091353
0,1282,95.33943273,-30.17307195
0,1283,95.45411997,-29.80850891
0,1284,95.5793655,-29.40398125
0,1285,95.69100913,-29.03902547
0,1286,95.86528825,-28.4589653
0,1287,96.01253164,-27.95770179
0,1288,96.13798513,-27.52285449
0,1289,96.23912571,-27.16718528
0,1290,96.38982086,-26.6284974
0,1291,96.53440215,-26.09850541
0,1292,96.62582791,-25.75765717
0,1293,96.72526928,-25.38217429
0,1294,96.82988728,-24.97988395
0,1295,96.95864068,-24.47608603
0,1296,97.0582657,-24.07695263
0,1297,97.15857009,-23.66959592
0,1298,97.25513173,-23.26927208
0,1299,97.34242703,-22.90140522
0,1300,97.42781241,-22.53532874
0,1301,97.51233154,-22.16681433
0,1302,97.59495395,-21.80010631
0,1303,97.67669236,-21.43096426
0,1304,97.75654696,-21.06364635
0,1305,97.84635497,-20.642875
0,1306,97.94721138,-20.15896755
0,1307,98.03310296,-19.73656826
0,1308,98.10632351,-19.36927874
0,1309,98.19185195,-18.93143504
0,1310,98.27836388,-18.47663325
0,1311,98.34725978,-18.10624657
0,1312,98.44709078,-17.55710352
0,1313,98.55258337,-16.95367911
0,1314,98.62936876,-16.50058552
0,1315,98.69957144,-16.07588462
0,1316,98.77142661,-15.62771065
0,1317,98.83754846,-15.20458892
0,1318,98.91135516,-14.71659096
0,1319,98.99062452,-14.17458756
0,1320,99.06148371,-13.66902034
0,1321,99.1122928,-13.29572112
0,1322,99.17831427,-12.79519261
0,1323,99.23494258,-12.34636634
0,1324,99.2803619,-11.97680974
0,1325,99.33939076,-11.47737727
0,1326,99.39574683,-10.97814841
0,1327,99.45392488,-10.43918639
0,1328,99.51867255,-9.803142423
0,1329,99.56951081,-9.270111977
0,1330,99.60363925,-8.895769766
0,1331,99.6378064,-8.504786241
0,1332,99.66549949,-8.173608896
0,1333,99.70681474,-7.655968973
0,1334,99.7478869,-7.099051168
0,1335,99.77741852,-6.669814508
0,1336,99.81196961,-6.134425366
0,1337,99.83942768,-5.66642313
0,1338,99.86379845,-5.221176516
0,1339,99.89111179,-4.672620717
0,1340,99.91697737,-4.078218337
0,1341,99.93133131,-3.706158613
0,1342,99.94457779,-3.334492233
0,1343,99.96088044,-2.808649769
0,1344,99.97588753,-2.203666031
0,1345,99.98660082,-1.655999285
0,1346,99.99353686,-1.145538537
0,1347,99.9971585,-0.7688149884
0,1348,100.0000499,-0.2218710015
0,1349,99.99972734,0.3058648515
1,0,99.899,0.001
1,1,99.901,0.001
1,2,99.9,-0.003
2,0,99.11125866,12.52179003
2,1,99.11325866,12.52179003
2,2,99.11225866,12.51779003
3,0,96.7604578,24.84511973
3,1,96.7624578,24.84511973
3,2,96.7614578,24.84111973
4,0,92.88367094,36.77664281
4,1,92.88567094,36.77664281
4,2,92.88467094,36.77264281
5,0,87.54203734,48.12819204
5,1,87.54403734,48.12819204
5,2,87.54303734,48.12419204
6,0,80.81979774,58.7207467
6,1,80.82179774,58.7207467
6,2,80.82079774,58.7167467
7,0,72.82296588,68.38725588
7,1,72.82496588,68.38725588
7,2,72.82396588,68.38325588
8,0,63.67765658,76.97527295
8,1,63.67965658,76.97527295
8,2,63.67865658,76.97127295
9,0,53.52809682,84.34935976
9,1,53.53009682,84.34935976
9,2,53.52909682,84.34535976
10,0,42.53435123,90.39322254
10,1,42.53635123,90.39322254
10,2,42.53535123,90.38922254
11,0,30.86979774,95.01154598
11,1,30.87179774,95.01154598
11,2,30.87079774,95.00754598
12,0,18.71839333,98.13149635
12,1,18.72039333,98.13149635
12,2,18.71939333,98.12749635
13,0,6.2717729,99.70387017
13,1,6.2737729,99.70387017
13,2,6.2727729,99.69987017
14,0,-6.2737729,99.70387017
14,1,-6.2717729,99.70387017
14,2,-6.2727729,99.69987017
15,0,-18.72039333,98.13149635
15,1,-18.71839333,98.13149635
15,2,-18.71939333,98.12749635
16,0,-30.87179774,95.01154598
16,1,-30.86979774,95.01154598
16,2,-30.87079774,95.00754598
17,0,-42.53635123,90.39322254
17,1,-42.53435123,90.39322254
17,2,-42.53535123,90.38922254
18,0,-53.53009682,84.34935976
18,1,-53.52809682,84.34935976
18,2,-53.52909682,84.34535976
19,0,-63.67965658,76.97527295
19,1,-63.67765658,76.97527295
19,2,-63.67865658,76.97127295
20,0,-72.82496588,68.38725588
20,1,-72.82296588,68.38725588
20,2,-72.82396588,68.38325588
21,0,-80.82179774,58.7207467
21,1,-80.81979774,58.7207467
21,2,-80.82079774,58.7167467
22,0,-87.54403734,48.12819204
22,1,-87.54203734,48.12819204
22,2,-87.54303734,48.12419204
23,0,-92.88567094,36.77664281
23,1,-92.88367094,36.77664281
23,2,-92.88467094,36.77264281
24,0,-96.7624578,24.84511973
24,1,-96.7604578,24.84511973
24,2,-96.7614578,24.84111973
25,0,-99.11325866,12.52179003
25,1,-99.11125866,12.52179003
25,2,-99.11225866,12.51779003
26,0,-99.901,0.001
26,1,-99.899,0.001
26,2,-99.9,-0.003
27,0,-99.11325866,-12.51979003
27,1,-99.11125866,-12.51979003
27,2,-99.11225866,-12.52379003
28,0,-96.7624578,-24.84311973
28,1,-96.7604578,-24.84311973
28,2,-96.7614578,-24.84711973
29,0,-92.88567094,-36.77464281
29,1,-92.88367094,-36.77464281
29,2,-92.88467094,-36.77864281
30,0,-87.54403734,-48.12619204
30,1,-87.54203734,-48.12619204
30,2,-87.54303734,-48.13019204
31,0,-80.82179774,-58.7187467
31,1,-80.81979774,-58.7187467
31,2,-80.82079774,-58.7227467
32,0,-72.82496588,-68.38525588
32,1,-72.82296588,-68.38525588
32,2,-72.82396588,-68.38925588
33,0,-63.67965658,-76.97327295
33,1,-63.67765658,-76.97327295
33,2,-63.67865658,-76.97727295
34,0,-53.53009682,-84.34735976
34,1,-53.52809682,-84.34735976
34,2,-53.52909682,-84.35135976
35,0,-42.53635123,-90.39122254
35,1,-42.53435123,-90.39122254
35,2,-42.53535123,-90.39522254
36,0,-30.87179774,-95.00954598
36,1,-30.86979774,-95.00954598
36,2,-30.87079774,-95.01354598
37,0,-18.72039333,-98.12949635
37,1,-18.71839333,-98.12949635
37,2,-18.71939333,-98.13349635
38,0,-6.2737729,-99.70187017
38,1,-6.2717729,-99.70187017
38,2,-6.2727729,-99.70587017
39,0,6.2717729,-99.70187017
39,1,6.2737729,-99.70187017
39,2,6.2727729,-99.70587017
40,0,18.71839333,-98.12949635
40,1,18.72039333,-98.12949635
40,2,18.71939333,-98.13349635
41,0,30.86979774,-95.00954598
41,1,30.87179774,-95.00954598
41,2,30.87079774,-95.01354598
42,0,42.53435123,-90.39122254
42,1,42.53635123,-90.39122254
42,2,42.53535123,-90.39522254
43,0,53.52809682,-84.34735976
43,1,53.53009682,-84.34735976
43,2,53.52909682,-84.35135976
44,0,63.67765658,-76.97327295
44,1,63.67965658,-76.97327295
44,2,63.67865658,-76.97727295
45,0,72.82296588,-68.38525588
45,1,72.82496588,-68.38525588
45,2,72.82396588,-68.38925588
46,0,80.81979774,-58.7187467
46,1,80.82179774,-58.7187467
46,2,80.82079774,-58.7227467
47,0,87.54203734,-48.12619204
47,1,87.54403734,-48.12619204
47,2,87.54303734,-48.13019204
48,0,92.88367094,-36.77464281
48,1,92.88567094,-36.77464281
48,2,92.88467094,-36.77864281
49,0,96.7604578,-24.84311973
49,1,96.7624578,-24.84311973
49,2,96.7614578,-24.84711973
50,0,99.11125866,-12.51979003
50,1,99.11325866,-12.51979003
50,2,99.11225866,-12.52379003
Target vertices: 1500
Total signed area in input: 3.141592e+04
Total signed area in output: 3.141592e+04
Total areal displacement: 5.090823e-02
Running time: 145.26 ms
Peak memory: 13.32 MB
