ring_id,vertex_id,x,y
0,0,600,-50
0,1,1225.365799,-30.14349472
0,2,1450,300
0,3,1338.793103,744.8275862
0,4,600,800
0,5,217.6470588,845.5882353
0,6,-100,550
0,7,-166.6666667,300
0,8,-100,100
0,9,77.39307536,-33.72708758
1,0,250,550
1,1,373.0769231,488.4615385
1,2,300,200
1,3,0,200
2,0,550,150
2,1,510.2564103,515.3846154
2,2,750,450
2,3,800,150
3,0,1080,500
3,1,1326.152074,582.718894
3,2,1100,200
3,3,989.6551724,255.1724138
Total signed area in input: 9.845000e+05
Total signed area in output: 9.845000e+05
Total areal displacement: 1.585254e+05
